0.06222106906876575
0.01859648090135744
0.008711361596449117
0.3880544504707423
0.2245447642081036
0.6566473534908022
0.1519506304506299
0.008070200518161822
0.010601034140834218
1.886200800782198
0.09015494362801098
0.2149087594401052
0.18266613695852776
0.24442275102729383
0.2881223893718696
0.27475487740082566
0.0027940333721951476
0.23396314748997954
0.30260598262636124
0.06275689928325918
0.08613295308047825
0.35365083867113717
0.11312911685542118
0.10202509294056153
0.17064282776952028
0.1813552732582265
0.07086009203272864
0.16277773118331912
0.3594507688678748
0.18681477518401962
0.3395257125959271
0.005210749559232142
0.08364940677707342
0.3893990783406641
0.09350396448255718
0.09090180519313062
0.04773661128682954
0.12702074647608647
0.1202673226008458
0.28007294790029535
0.21115995013909172
0.1528051391988539
0.08545974040338035
0.3802940764522301
0.30671222943054766
0.0292274762040678
0.6341971916086306
0.007753887166900153
0.09620734936323111
0.004460182725665282
0.3246672898002908
0.49054596882763385
0.13930537089814782
0.269472159469521
0.06485410154749253
0.07364182609312311
0.032673314996707496
0.13864349130434084
0.02063884453001163
0.4317883442770336
0.4189176221408215
0.17193551117809205
0.20384761088055012
0.004687984230252053
0.05692601180875263
0.026149715192298983
0.167270750029284
0.23846800214294905
0.10112661464141248
0.07380850994517653
0.3884750586235691
0.16700159578454152
0.008429817822279905
0.052670467179115
0.1705124635898395
0.0396157669785799
0.25508790389873276
0.03609607994914229
0.10793601549907028
0.2503003934259902
0.11970533433021065
0.06179868723359375
0.104093305986886
0.040112300138776626
0.09140693120893403
0.24132221565032994
0.10593441734609892
0.7041812549984214
0.3114659911274406
0.0754336063304651
0.1292386120806645
0.16032505335821073
0.19874136897102956
0.0424340318278036
0.10243785055687786
0.03416353669647378
0.01174557748833477
0.2832601781328484
0.16329742618405713
0.326600578378876
