2.581879343242997
0.8186085819412495
5.98773649867078
17.259710365275552
2.015587665191665
0.31119318581940153
2.830996205211836
11.482399759152273
0.7125405967753243
16.4495046732359
5.490540285076036
0.638115851873118
5.678454083342175
6.317374310567231
3.8560221692677024
5.84236862495053
26.793022853212552
7.835365193012896
0.945859484864326
0.07884885204297472
0.4610005903705687
1.6885650961655945
3.8287973948126908
7.983557274138371
2.7691006943352767
11.51776761682386
4.237032598401038
3.3882410887971317
6.225076425141707
12.242793068273823
1.787281275626254
11.286402934035815
5.155224030481809
5.528404620205173
12.965826404229052
6.048325937719464
7.021077339285518
7.0963093185021675
8.924928329848614
3.1345040820021373
20.416652615441063
9.751583468564766
12.728921231305442
5.887386866323628
2.4449599922008414
1.4136054106144964
1.6360656175387585
0.08069308097778438
9.105511200636235
8.613912579612718
2.1732787353291396
8.030208750105855
2.9721029739795535
1.1434211904450353
9.794415850731607
7.129466781138208
4.561711401797737
16.877698855827152
1.8071043350680327
7.712293436800037
11.09354255342157
1.0550975138966292
1.965041044047919
1.486512805131849
0.7922238396365212
3.0488199808647467
0.11675958889849324
0.3154037767026769
11.11136595097275
9.10817914566301
4.598353370572196
3.0973972797438822
2.475134014809066
11.806764895863747
9.989000118343977
3.226641232577706
2.5520267953848275
1.4064718287572682
2.448432398954784
0.4844600145561854
1.5472653667610727
2.3996348509523533
6.229652054029831
2.7315296467292094
18.074051433132933
7.551591089801693
4.919016453960074
0.207754069076008
5.4969971046134365
3.567236672401054
2.448463007259747
22.421241597236534
2.1199402950638944
16.419017235852518
0.4093362003050613
7.36897484576999
4.529361634231566
6.031290262645139
22.850114398494057
7.49310175783847
