0.05951750400903477
0.0014656406552214707
0.006306086865116781
0.03285034324967483
0.027571849035392705
0.020065620028710946
0.012297206106035945
0.0459290290614546
0.025326386687769254
0.06151996635621569
0.04320110142667815
0.14344396881018562
0.08684205650723711
0.04313031754168121
0.06125798022743889
0.08213563836534787
0.13614824804289777
0.024227179882646388
0.09563416248527586
0.0157519293133655
0.014884308666089077
0.023697480236221334
0.02766132256670279
0.0225374141631031
0.014421150904643026
0.04151295636684826
0.057315053387871503
0.007776157711078023
0.007347584393666141
0.0004740313498162966
0.08138146519131405
0.1175049753332813
0.015002680910394178
0.007145574095736062
0.10512466101975462
0.02363168319292971
0.012410402036252634
0.029002763530593566
0.01134996511948226
0.003001138600924442
0.048270807348015456
0.03618933678100396
0.10735530282578254
0.06221861626824414
0.004702150301646417
0.1360308273217873
0.022010579373798397
0.02000557009318981
0.026317779516287866
0.11853781513658815
0.2174754967008301
0.05067749642136192
0.013526387655412506
0.016372123488401863
0.04632793524752195
0.06643125282008952
0.10012119848207615
0.08696737055372944
0.04488858375362878
0.10362142181305545
0.10209695403705561
0.05497022565723708
0.13043360965872072
0.027693533925719854
0.021349451548434772
0.23910103307583475
0.08231594637456416
0.008007856880812304
0.15418350180942525
0.01999084844064411
0.10719506463064968
0.0013433387521033715
0.021026859414158678
0.05642736664311212
0.053905686505787684
0.027118039147986956
0.007634435279132513
0.021195381800404672
0.01677623874199311
0.038634489619683576
0.0420742930306218
0.026424855213445037
0.010845526470494301
3.260903786866565e-05
0.038456672435713796
0.16921166177916053
0.022244634756255193
0.004723315525908664
0.011287298039225088
0.008441977413926115
0.08236911561090042
0.00999978895418209
0.24881998512550513
0.011200704985349764
0.17284041624421909
0.07961574426115889
0.0655403442085024
0.14304319665018558
0.007274077957984212
0.016634436940175697
