4.309208689870323
7.243764132502171
0.8364958940044412
0.08130361303961296
0.561613240892908
1.778130256115242
0.22011526154109964
1.4952709608539225
6.313170088098384
8.004049569797607
1.0953072688474286
1.3455906884907065
0.6296914936988737
0.2838140641609779
2.3496163783721538
1.9972603070436936
3.1032542613511223
0.7824727189287422
3.379181401986895
1.2477731779874126
1.0005784287257407
3.8213332448422332
9.29219158499265
0.5681785323954244
0.9163940783695927
0.0437231561237282
0.7458428957108955
0.9573127313764994
1.4806633974801704
5.6386444688424096
1.1709648849893015
5.410721262246809
1.7261451877734655
8.97835581553302
5.180572031617331
0.49080585095107715
1.0864747268347679
1.1052800236386613
1.5745735914556591
5.199958758063743
1.018152245190223
2.170671021658825
2.2642019600149816
1.9608881112255314
3.3003123142280972
2.0111187498301306
0.14583212215887575
6.971282685037028
0.06685135115336739
0.1407915031637916
0.2919659332668597
4.137377236162239
6.431771858644368
2.668282927876704
4.712304463378185
0.7531431421717197
9.724998100893052
1.1622830624739555
0.4520649447036672
0.6828363561397137
1.71325444636057
4.801541331744348
5.343429748543049
1.5705906398194445
0.9634783674626
0.9882672633831593
0.9179492948182751
4.143420643041718
0.2050259479068825
1.8075085512395084
3.60472724301842
2.865663822247577
4.016838845860269
0.31555361483434263
3.2542118298567972
6.858629022697006
1.369613220997061
3.733256845670549
0.7154342156626536
1.1854929985447187
4.5333415090444475
1.8172560356397467
1.022106277112252
0.7168248543266144
0.09252283459871137
5.293381379157209
0.7197082108040224
0.569047640651689
2.592247302552765
5.531481416710463
2.3658348767336177
0.3663466316670748
2.039410642863443
1.5948235144616514
4.079840468168555
8.381621813838924
6.2490857379040925
1.8135820290363642
0.5953475548502005
0.18616570766680718
