0.6791751936115921
0.28959896855323036
0.2564778972554082
0.8971625755651296
1.7377164028339809
0.04283931351867231
1.847597163493555
0.9951381034631975
1.1525486687098483
1.002460333361537
0.919852596889757
0.2588608079012139
2.1323801247688396
0.650955471452541
1.1723512188526843
0.876768606984332
0.1828165512446171
3.386919629073125
1.123192443306944
0.9953686392131726
1.143808994016696
0.0476773303083531
1.4745227048727987
0.628087455573317
0.6320876356205873
3.166033823853728
0.40823019948130357
1.337843210878705
6.34602585782809
0.37076009912784264
0.13013652344254428
1.5653139348353353
1.9441153359161933
0.5770707964938157
0.33923813190719004
0.3402518856886053
1.507397877711806
0.8850534326344717
0.13393171599963027
1.8154797701683576
3.353614409580808
1.1101780866324933
0.6387495093488886
1.2111422079948242
0.6101067238418767
0.8075495837654266
1.1046845017115396
0.3134328281120653
1.6676039035846482
0.058991118134928966
1.1276501475943261
2.7796649590914253
0.40932408504598444
0.30911946384128486
0.24912772213027937
2.090482850764584
2.8250176277849413
3.3645305555109233
0.041547607587543375
0.2417106275071261
0.10571691925408717
1.645418745563857
0.1509864601979013
1.2869133161595407
0.6383231286503701
0.00906676579670404
0.3814276222378391
0.31765457359522675
0.6028988953255843
1.0489059396902718
1.954946991796925
0.9185257379456858
2.9487764548549467
0.9199621546378112
0.6492418355906557
0.6601255755335343
0.29234222035159085
2.6753638441570464
0.1780110480683997
1.9074392352594738
0.8349497802316849
0.1823070312854383
0.5901230665677377
0.20413789027781443
0.4750322989714097
1.2259001998528474
0.13467037232202259
0.5083431321646886
1.3854866078756132
6.813823760975747
0.7717613557690964
0.6988341247271347
2.1985052633607824
2.152539724941291
0.3592501616028159
3.896282330753332
0.9338251343698944
0.06549726641204112
0.1840543863776529
0.20080916130299756
