0.6369002587613263
0.0023346604904161327
0.7006252972997228
0.026702508522858628
0.4220238813387551
0.08372629517562206
0.6111035947162567
0.38060720633047845
0.052447442851484345
0.10072442907718963
0.23459112029455367
0.331447327021493
0.4154623927944819
0.1011569737227593
0.10220863326245853
0.11547238534028782
0.2240308111924885
0.31558492132073085
0.11954147098751504
0.6158207589826902
0.4785270484689342
0.3847970491966901
0.09857038429404053
0.21670708270377445
0.2727901455409759
0.18930412295831486
0.37865657177802586
0.006860662943541501
1.0930685549223826
0.221911429660314
0.12165228543929878
0.3708257080789134
0.13485979812696405
0.20736426164478083
0.7309713790031629
0.09228437396447851
0.04696541341796042
0.6357181071939301
0.46609718017681173
0.10655113234142854
1.5076115397528593
0.04114937831963638
0.178513209528271
0.375948367141622
0.32981991910053937
0.18100119521416713
0.30335220663044143
1.1179479955780751
0.2168178141435563
0.0528334259899004
0.2540095490557444
0.05218208451985634
0.04254381409030547
0.01539207804763018
0.14712843042184687
0.06278845174387425
0.2743200987899849
0.14924461912854367
0.6463889586502808
0.8658016614275907
0.6372153704016553
0.025120931330665897
0.5708472507664014
0.3149630005838399
0.19847213920453174
0.14789643171538
0.058656426157949755
0.0008296948018940992
0.8582364934047974
0.9495039294840311
0.07029775144832132
0.6237061181503539
0.18905492030965312
0.279129043520288
0.9842924105589473
0.1205247599185259
0.16136960514024937
0.655209561897543
0.024772153819066445
0.02752323761186762
0.15575395076207973
0.21220307357292997
0.12520765752185817
0.11947421959305998
0.2147300394734133
0.5523623939671025
0.17141655727236335
0.06770565949219061
0.459043746005715
0.6416036339156338
0.47705455329486196
0.6572487217001172
1.0099530599100028
0.32560008366499
0.052995772500784494
0.19414894476815683
0.040275533764365025
0.4938427276045547
0.10133702933964911
0.1766545974639041
0.13035245533986892
0.02834738165784423
0.6115794944552925
0.026262586228843674
0.4790458809222247
0.16330093172940544
0.08448450109807991
0.9963808805273867
0.2569436693251313
0.39059487893557954
0.3639662274121576
0.344303442152406
0.04713898117715249
0.8649937541150093
0.17197984382958262
0.2769010771713979
0.05859382066316645
0.7915986218483059
0.22061917809038878
0.2720137295855675
